 E_HF=  -67.9461251091503       MeV
 E^(2)=  -29.2205416979768       MeV
 E_tot=  -97.1666668071271       MeV
